65
56
72
66
63
62
62
60
62
226
226
8
8
10
10
26
26
72
72
463
463
459
459
0
0
45
45
91
91
147
147
195
195
8
8
148
148
111
111
90
90
66
66
21
21
91
91
168
168
19
19
19
112
112
112
151
151
92
92
92
85
85
0
91
91
91
93
93
97
97
97
0
0
0
0
0
0
0
0
0
0
70
70
70
71
71
46
46
55
55
0
0
0
0
0
0
0
0
0
0
0
0
0
0
0
0
52
52
54
54
54
0
0
0
0
0
0
0
0
0
0
0
0
0
0
0
0
108
108
0
0
0
0
61
61
161
161
161
161
91
91
237
237
197
197
0
0
185
185
145
145
43
43
429
429
431
431
14
14
0
0
0
0
0
0
0
0
0
0
194
194
264
264
141
141
304
304
179
179
175
175
182
182
183
183
184
184
182
182
180
180
180
178
175
175
175
175
176
176
178
178
178
183
189
189
188
188
185
185
178
178
178
168
142
142
206
206
198
198
194
194
194
194
196
196
196
195
195
198
198
204
204
204
208
208
210
210
210
206
206
196
196
193
193
188
187
187
184
184
184
181
181
178
178
170
170
166
158
158
151
151
151
131
131
122
122
111
100
100
92
92
92
82
82
77
77
70
70
64
53
53
53
49
49
43
36
37
37
37
37
33
33
33
33
26
26
30
30
25
25
24
24
24
38
38
32
32
31
32
32
32
44
44
70
70
86
86
104
104
118
118
129
129
138
138
159
211
211
211
211
207
207
211
211
199
199
125
125
124
124
125
125
126
126
128
128
136
136
136
136
136
136
138
138
137
137
141
141
138
138
142
142
153
153
163
163
162
162
160
160
200
200
203
203
200
200
207
207
218
218
186
186
198
198
207
207
213
213
220
220
222
222
226
226
188
188
188
188
191
191
191
191
190
190
190
190
192
192
196
196
196
196
224
224
213
213
201
201
163
163
153
153
131
131
127
127
123
123
110
110
103
103
97
97
94
94
93
93
90
90
82
82
81
81
80
80
82
82
80
80
71
71
73
73
63
63
64
64
67
67
63
63
63
63
62
62
55
53
53
55
55
50
50
50
50
45
45
50
50
43
43
41
41
43
43
41
41
38
38
39
39
37
37
31
31
32
32
36
36
31
31
35
35
26
26
31
35
35
30
321
321
321
331
331
334
334
336
336
338
338
338
338
338
340
340
136
136
128
128
128
128
128
117
117
119
119
128
128
131
131
151
151
151
168
168
180
180
187
192
192
188
188
188
188
188
188
188
188
188
191
195
195
196
196
196
200
200
200
200
204
204
203
204
204
204
208
208
209
209
212
212
216
223
223
227
227
227
189
189
169
169
165
165
161
161
157
157
157
139
139
135
135
130
130
121
121
117
118
118
116
116
111
111
110
110
110
110
108
108
120
120
117
117
110
110
111
111
111
111
115
115
123
123
229
229
237
237
232
232
228
228
218
218
185
185
157
157
152
152
144
144
135
135
123
123
112
112
100
98
98
96
96
90
90
83
83
80
80
78
78
74
74
69
69
61
61
55
55
45
45
38
38
30
30
26
26
24
24
30
30
42
42
58
58
66
66
81
91
91
102
102
112
112
120
120
130
130
136
136
142
142
146
146
145
145
147
147
145
145
144
144
144
144
144
144
144
144
151
151
159
159
161
161
170
170
164
164
173
173
173
173
82
82
69
69
88
88
122
122
145
145
238
238
261
261
269
269
266
266
267
267
276
276
262
262
261
261
258
258
255
255
257
257
297
297
231
231
227
227
224
224
234
234
233
233
231
231
229
229
223
223
223
223
227
227
230
230
227
227
227
227
227
227
227
227
227
227
204
204
193
193
221
221
229
229
231
231
224
224
224
229
234
234
233
233
239
239
240
240
240
244
244
271
271
207
207
176
176
175
175
175
222
222
231
231
231
248
248
264
264
274
265
265
261
261
261
273
273
309
309
333
371
371
371
381
381
387
387
382
386
386
349
349
349
215
215
209
222
222
239
239
239
254
254
272
272
287
294
294
310
309
309
312
312
309
293
293
281
281
280
276
276
274
274
274
275
272
272
265
265
264
263
263
263
263
263
263
263
259
259
260
260
257
257
257
255
255
255
255
255
256
256
253
251
251
243
243
236
236
227
227
218
218
214
214
213
206
206
199
199
194
194
191
191
193
193
191
191
191
191
190
190
189
189
187
187
183
183
187
187
183
183
187
187
179
179
140
140
193
193
193
194
196
196
196
195
192
192
189
187
187
187
187
187
187
188
188
190
193
193
196
197
197
196
193
193
189
185
185
176
165
165
153
153
141
128
116
116
101
89
89
76
66
66
56
56
54
54
53
53
52
52
57
57
63
63
69
69
76
76
83
83
89
89
95
95
111
111
137
137
180
180
227
227
264
264
292
292
